1.000000000000000000e+00 4.420000000000000040e-01
2.000000000000000000e+00 3.960000000000000187e-01
3.000000000000000000e+00 3.711999999999999744e-01
4.000000000000000000e+00 3.343999999999999750e-01
5.000000000000000000e+00 3.235999999999999988e-01
6.000000000000000000e+00 3.099999999999999978e-01
7.000000000000000000e+00 2.972000000000000197e-01
8.000000000000000000e+00 2.952000000000000179e-01
9.000000000000000000e+00 2.955999999999999739e-01
1.000000000000000000e+01 2.923999999999999932e-01
1.100000000000000000e+01 2.883999999999999897e-01
1.200000000000000000e+01 2.676000000000000045e-01
1.300000000000000000e+01 2.564000000000000168e-01
1.400000000000000000e+01 2.535999999999999921e-01
1.500000000000000000e+01 2.528000000000000247e-01
1.600000000000000000e+01 2.464000000000000079e-01
1.700000000000000000e+01 2.363999999999999990e-01
1.800000000000000000e+01 2.340000000000000135e-01
1.900000000000000000e+01 2.291999999999999871e-01
2.000000000000000000e+01 2.300000000000000100e-01
2.100000000000000000e+01 2.336000000000000021e-01
2.200000000000000000e+01 2.283999999999999919e-01
2.300000000000000000e+01 2.263999999999999901e-01
2.400000000000000000e+01 2.263999999999999901e-01
2.500000000000000000e+01 2.240000000000000047e-01
2.600000000000000000e+01 2.167999999999999927e-01
2.700000000000000000e+01 2.111999999999999988e-01
2.800000000000000000e+01 2.039999999999999869e-01
2.900000000000000000e+01 2.059999999999999887e-01
3.000000000000000000e+01 2.031999999999999917e-01
3.100000000000000000e+01 2.031999999999999917e-01
3.200000000000000000e+01 2.088000000000000134e-01
3.300000000000000000e+01 2.051999999999999935e-01
3.400000000000000000e+01 2.088000000000000134e-01
3.500000000000000000e+01 2.068000000000000116e-01
3.600000000000000000e+01 1.988000000000000045e-01
3.700000000000000000e+01 1.995999999999999996e-01
3.800000000000000000e+01 1.955999999999999961e-01
3.900000000000000000e+01 2.064000000000000001e-01
4.000000000000000000e+01 1.952000000000000124e-01
4.100000000000000000e+01 2.039999999999999869e-01
4.200000000000000000e+01 2.000000000000000111e-01
4.300000000000000000e+01 1.948000000000000009e-01
4.400000000000000000e+01 1.952000000000000124e-01
4.500000000000000000e+01 1.983999999999999930e-01
4.600000000000000000e+01 1.847999999999999921e-01
4.700000000000000000e+01 1.852000000000000035e-01
4.800000000000000000e+01 1.887999999999999956e-01
4.900000000000000000e+01 1.940000000000000058e-01
5.000000000000000000e+01 2.036000000000000032e-01
5.100000000000000000e+01 1.975999999999999979e-01
5.200000000000000000e+01 1.971999999999999864e-01
5.300000000000000000e+01 1.915999999999999925e-01
5.400000000000000000e+01 1.867999999999999938e-01
5.500000000000000000e+01 1.915999999999999925e-01
5.600000000000000000e+01 1.904000000000000137e-01
5.700000000000000000e+01 1.915999999999999925e-01
5.800000000000000000e+01 1.839999999999999969e-01
5.900000000000000000e+01 1.791999999999999982e-01
6.000000000000000000e+01 1.819999999999999951e-01
6.100000000000000000e+01 1.915999999999999925e-01
6.200000000000000000e+01 1.904000000000000137e-01
6.300000000000000000e+01 1.943999999999999895e-01
6.400000000000000000e+01 1.955999999999999961e-01
6.500000000000000000e+01 1.935999999999999943e-01
6.600000000000000000e+01 1.980000000000000093e-01
6.700000000000000000e+01 2.039999999999999869e-01
6.800000000000000000e+01 2.167999999999999927e-01
6.900000000000000000e+01 2.079999999999999905e-01
7.000000000000000000e+01 2.064000000000000001e-01
7.100000000000000000e+01 2.036000000000000032e-01
7.200000000000000000e+01 2.011999999999999900e-01
7.300000000000000000e+01 2.036000000000000032e-01
7.400000000000000000e+01 1.955999999999999961e-01
7.500000000000000000e+01 1.988000000000000045e-01
7.600000000000000000e+01 1.952000000000000124e-01
7.700000000000000000e+01 2.011999999999999900e-01
7.800000000000000000e+01 1.955999999999999961e-01
7.900000000000000000e+01 1.988000000000000045e-01
8.000000000000000000e+01 1.983999999999999930e-01
8.100000000000000000e+01 1.980000000000000093e-01
8.200000000000000000e+01 1.980000000000000093e-01
8.300000000000000000e+01 2.020000000000000129e-01
8.400000000000000000e+01 1.960000000000000075e-01
8.500000000000000000e+01 2.071999999999999953e-01
8.600000000000000000e+01 2.136000000000000121e-01
8.700000000000000000e+01 2.091999999999999971e-01
8.800000000000000000e+01 2.036000000000000032e-01
8.900000000000000000e+01 2.068000000000000116e-01
9.000000000000000000e+01 1.983999999999999930e-01
9.100000000000000000e+01 1.943999999999999895e-01
9.200000000000000000e+01 1.904000000000000137e-01
9.300000000000000000e+01 1.904000000000000137e-01
9.400000000000000000e+01 1.995999999999999996e-01
9.500000000000000000e+01 2.043999999999999984e-01
9.600000000000000000e+01 2.011999999999999900e-01
9.700000000000000000e+01 2.016000000000000014e-01
9.800000000000000000e+01 2.011999999999999900e-01
9.900000000000000000e+01 1.980000000000000093e-01
1.000000000000000000e+02 2.039999999999999869e-01
1.010000000000000000e+02 2.116000000000000103e-01
1.020000000000000000e+02 2.096000000000000085e-01
1.030000000000000000e+02 2.043999999999999984e-01
1.040000000000000000e+02 2.091999999999999971e-01
1.050000000000000000e+02 2.179999999999999993e-01
1.060000000000000000e+02 2.068000000000000116e-01
1.070000000000000000e+02 2.051999999999999935e-01
1.080000000000000000e+02 2.064000000000000001e-01
1.090000000000000000e+02 2.091999999999999971e-01
1.100000000000000000e+02 2.020000000000000129e-01
1.110000000000000000e+02 1.991999999999999882e-01
1.120000000000000000e+02 2.031999999999999917e-01
1.130000000000000000e+02 2.048000000000000098e-01
1.140000000000000000e+02 2.084000000000000019e-01
1.150000000000000000e+02 2.039999999999999869e-01
1.160000000000000000e+02 1.935999999999999943e-01
1.170000000000000000e+02 1.940000000000000058e-01
1.180000000000000000e+02 1.995999999999999996e-01
1.190000000000000000e+02 2.039999999999999869e-01
1.200000000000000000e+02 2.064000000000000001e-01
1.210000000000000000e+02 2.028000000000000080e-01
1.220000000000000000e+02 2.020000000000000129e-01
1.230000000000000000e+02 2.088000000000000134e-01
1.240000000000000000e+02 2.088000000000000134e-01
1.250000000000000000e+02 2.139999999999999958e-01
1.260000000000000000e+02 2.084000000000000019e-01
1.270000000000000000e+02 2.119999999999999940e-01
1.280000000000000000e+02 2.076000000000000068e-01
1.290000000000000000e+02 2.096000000000000085e-01
1.300000000000000000e+02 2.152000000000000024e-01
1.310000000000000000e+02 2.124000000000000055e-01
1.320000000000000000e+02 2.200000000000000011e-01
1.330000000000000000e+02 2.192000000000000060e-01
1.340000000000000000e+02 2.235999999999999932e-01
1.350000000000000000e+02 2.268000000000000016e-01
1.360000000000000000e+02 2.207999999999999963e-01
1.370000000000000000e+02 2.195999999999999897e-01
1.380000000000000000e+02 2.139999999999999958e-01
1.390000000000000000e+02 2.192000000000000060e-01
1.400000000000000000e+02 2.220000000000000029e-01
1.410000000000000000e+02 2.212000000000000077e-01
1.420000000000000000e+02 2.223999999999999866e-01
1.430000000000000000e+02 2.187999999999999945e-01
1.440000000000000000e+02 2.227999999999999980e-01
1.450000000000000000e+02 2.207999999999999963e-01
1.460000000000000000e+02 2.223999999999999866e-01
1.470000000000000000e+02 2.184000000000000108e-01
1.480000000000000000e+02 2.247999999999999998e-01
1.490000000000000000e+02 2.268000000000000016e-01
1.500000000000000000e+02 2.308000000000000052e-01
