1.000000000000000000e+00 3.855999999999999983e-01
2.000000000000000000e+00 3.347999999999999865e-01
3.000000000000000000e+00 3.052000000000000268e-01
4.000000000000000000e+00 2.723999999999999755e-01
5.000000000000000000e+00 2.379999999999999893e-01
6.000000000000000000e+00 2.260000000000000064e-01
7.000000000000000000e+00 2.071999999999999953e-01
8.000000000000000000e+00 1.799999999999999933e-01
9.000000000000000000e+00 1.643999999999999906e-01
1.000000000000000000e+01 1.499999999999999944e-01
1.100000000000000000e+01 1.368000000000000049e-01
1.200000000000000000e+01 1.275999999999999912e-01
1.300000000000000000e+01 1.243999999999999967e-01
1.400000000000000000e+01 1.195999999999999980e-01
1.500000000000000000e+01 1.131999999999999951e-01
1.600000000000000000e+01 1.107999999999999957e-01
1.700000000000000000e+01 9.959999999999999409e-02
1.800000000000000000e+01 9.800000000000000377e-02
1.900000000000000000e+01 9.360000000000000264e-02
2.000000000000000000e+01 8.759999999999999731e-02
2.100000000000000000e+01 8.240000000000000102e-02
2.200000000000000000e+01 8.319999999999999618e-02
2.300000000000000000e+01 7.560000000000000053e-02
2.400000000000000000e+01 6.880000000000000004e-02
2.500000000000000000e+01 6.600000000000000311e-02
2.600000000000000000e+01 6.519999999999999407e-02
2.700000000000000000e+01 6.160000000000000198e-02
2.800000000000000000e+01 6.400000000000000133e-02
2.900000000000000000e+01 6.239999999999999714e-02
3.000000000000000000e+01 6.119999999999999746e-02
3.100000000000000000e+01 5.960000000000000020e-02
3.200000000000000000e+01 5.319999999999999729e-02
3.300000000000000000e+01 5.360000000000000181e-02
3.400000000000000000e+01 4.959999999999999826e-02
3.500000000000000000e+01 4.800000000000000100e-02
3.600000000000000000e+01 4.680000000000000132e-02
3.700000000000000000e+01 4.320000000000000229e-02
3.800000000000000000e+01 4.359999999999999987e-02
3.900000000000000000e+01 4.240000000000000019e-02
4.000000000000000000e+01 3.919999999999999873e-02
4.100000000000000000e+01 3.760000000000000148e-02
4.200000000000000000e+01 3.479999999999999760e-02
4.300000000000000000e+01 3.280000000000000276e-02
4.400000000000000000e+01 3.679999999999999938e-02
4.500000000000000000e+01 3.320000000000000034e-02
4.600000000000000000e+01 3.400000000000000244e-02
4.700000000000000000e+01 2.879999999999999921e-02
4.800000000000000000e+01 2.719999999999999848e-02
4.900000000000000000e+01 2.639999999999999986e-02
5.000000000000000000e+01 2.520000000000000018e-02
5.100000000000000000e+01 2.479999999999999913e-02
5.200000000000000000e+01 2.639999999999999986e-02
5.300000000000000000e+01 2.639999999999999986e-02
5.400000000000000000e+01 2.520000000000000018e-02
5.500000000000000000e+01 2.079999999999999905e-02
5.600000000000000000e+01 2.120000000000000009e-02
5.700000000000000000e+01 2.160000000000000114e-02
5.800000000000000000e+01 2.160000000000000114e-02
5.900000000000000000e+01 2.160000000000000114e-02
6.000000000000000000e+01 2.040000000000000147e-02
6.100000000000000000e+01 2.079999999999999905e-02
6.200000000000000000e+01 2.000000000000000042e-02
6.300000000000000000e+01 1.959999999999999937e-02
6.400000000000000000e+01 2.359999999999999945e-02
6.500000000000000000e+01 2.280000000000000082e-02
6.600000000000000000e+01 1.919999999999999832e-02
6.700000000000000000e+01 1.720000000000000001e-02
6.800000000000000000e+01 1.919999999999999832e-02
6.900000000000000000e+01 1.679999999999999896e-02
7.000000000000000000e+01 1.600000000000000033e-02
7.100000000000000000e+01 1.720000000000000001e-02
7.200000000000000000e+01 1.799999999999999864e-02
7.300000000000000000e+01 1.600000000000000033e-02
7.400000000000000000e+01 2.040000000000000147e-02
7.500000000000000000e+01 1.959999999999999937e-02
7.600000000000000000e+01 1.880000000000000074e-02
7.700000000000000000e+01 1.880000000000000074e-02
7.800000000000000000e+01 1.799999999999999864e-02
7.900000000000000000e+01 1.679999999999999896e-02
8.000000000000000000e+01 1.760000000000000106e-02
8.100000000000000000e+01 1.439999999999999961e-02
8.200000000000000000e+01 1.359999999999999924e-02
8.300000000000000000e+01 1.359999999999999924e-02
8.400000000000000000e+01 1.359999999999999924e-02
8.500000000000000000e+01 1.239999999999999956e-02
8.600000000000000000e+01 1.159999999999999920e-02
8.700000000000000000e+01 1.200000000000000025e-02
8.800000000000000000e+01 1.039999999999999952e-02
8.900000000000000000e+01 1.000000000000000021e-02
9.000000000000000000e+01 8.000000000000000167e-03
9.100000000000000000e+01 9.599999999999999159e-03
9.200000000000000000e+01 7.199999999999999803e-03
9.300000000000000000e+01 7.599999999999999985e-03
9.400000000000000000e+01 8.000000000000000167e-03
9.500000000000000000e+01 6.000000000000000125e-03
9.600000000000000000e+01 6.799999999999999621e-03
9.700000000000000000e+01 5.199999999999999761e-03
9.800000000000000000e+01 5.199999999999999761e-03
9.900000000000000000e+01 6.000000000000000125e-03
1.000000000000000000e+02 6.799999999999999621e-03
1.010000000000000000e+02 5.599999999999999943e-03
1.020000000000000000e+02 4.000000000000000083e-03
1.030000000000000000e+02 4.000000000000000083e-03
1.040000000000000000e+02 4.799999999999999580e-03
1.050000000000000000e+02 5.599999999999999943e-03
1.060000000000000000e+02 6.400000000000000307e-03
1.070000000000000000e+02 4.400000000000000265e-03
1.080000000000000000e+02 5.599999999999999943e-03
1.090000000000000000e+02 5.599999999999999943e-03
1.100000000000000000e+02 6.400000000000000307e-03
1.110000000000000000e+02 7.199999999999999803e-03
1.120000000000000000e+02 5.599999999999999943e-03
1.130000000000000000e+02 5.599999999999999943e-03
1.140000000000000000e+02 6.400000000000000307e-03
1.150000000000000000e+02 4.400000000000000265e-03
1.160000000000000000e+02 4.000000000000000083e-03
1.170000000000000000e+02 4.799999999999999580e-03
1.180000000000000000e+02 5.599999999999999943e-03
1.190000000000000000e+02 6.400000000000000307e-03
1.200000000000000000e+02 6.400000000000000307e-03
1.210000000000000000e+02 7.599999999999999985e-03
1.220000000000000000e+02 6.000000000000000125e-03
1.230000000000000000e+02 6.400000000000000307e-03
1.240000000000000000e+02 5.599999999999999943e-03
1.250000000000000000e+02 6.000000000000000125e-03
1.260000000000000000e+02 4.799999999999999580e-03
1.270000000000000000e+02 5.199999999999999761e-03
1.280000000000000000e+02 5.599999999999999943e-03
1.290000000000000000e+02 4.799999999999999580e-03
1.300000000000000000e+02 3.599999999999999901e-03
1.310000000000000000e+02 4.400000000000000265e-03
1.320000000000000000e+02 4.400000000000000265e-03
1.330000000000000000e+02 5.599999999999999943e-03
1.340000000000000000e+02 4.799999999999999580e-03
1.350000000000000000e+02 5.599999999999999943e-03
1.360000000000000000e+02 6.400000000000000307e-03
1.370000000000000000e+02 6.400000000000000307e-03
1.380000000000000000e+02 6.799999999999999621e-03
1.390000000000000000e+02 6.000000000000000125e-03
1.400000000000000000e+02 5.599999999999999943e-03
1.410000000000000000e+02 4.400000000000000265e-03
1.420000000000000000e+02 4.799999999999999580e-03
1.430000000000000000e+02 5.199999999999999761e-03
1.440000000000000000e+02 4.000000000000000083e-03
1.450000000000000000e+02 4.799999999999999580e-03
1.460000000000000000e+02 3.599999999999999901e-03
1.470000000000000000e+02 5.199999999999999761e-03
1.480000000000000000e+02 4.799999999999999580e-03
1.490000000000000000e+02 5.199999999999999761e-03
1.500000000000000000e+02 4.799999999999999580e-03
